32
E.cloeziana     0.0000000 0.0011142 0.0017942 0.0008867 0.0018225 0.0018502 0.0009773 0.0018649 0.0006076 0.0016777 0.0018485 0.0006450 0.0018755 0.0017947 0.0019081 0.0018853 0.0007287 0.0025220 0.0008894 0.0017832 0.0005282 0.0018082 0.0006225 0.0008951 0.0022260 0.0019979 0.0009439 0.0006450 0.0019417 0.0019487 0.0019035 0.0006242 
E.marginata     0.0011142 0.0000000 0.0017821 0.0012573 0.0018000 0.0018285 0.0013987 0.0018285 0.0010083 0.0016469 0.0018079 0.0010436 0.0018857 0.0017548 0.0019025 0.0018730 0.0011323 0.0025295 0.0012572 0.0017621 0.0009166 0.0017868 0.0009808 0.0012606 0.0022373 0.0019870 0.0010591 0.0010331 0.0019137 0.0019178 0.0018646 0.0010159 
E.nitens        0.0017942 0.0017821 0.0000000 0.0019221 0.0017839 0.0002200 0.0020715 0.0003653 0.0016770 0.0006462 0.0009831 0.0017008 0.0009513 0.0009465 0.0010684 0.0009362 0.0017962 0.0025306 0.0019220 0.0017794 0.0015572 0.0005477 0.0016548 0.0019160 0.0025928 0.0019970 0.0017324 0.0016810 0.0002914 0.0009585 0.0002841 0.0016734 
E.sieberi       0.0008867 0.0012573 0.0019221 0.0000000 0.0019905 0.0019729 0.0005245 0.0019911 0.0008020 0.0018271 0.0020073 0.0008113 0.0020634 0.0019550 0.0021017 0.0020407 0.0008806 0.0027712 0.0001091 0.0019637 0.0006913 0.0019530 0.0007721 0.0002056 0.0024416 0.0022023 0.0010521 0.0007959 0.0020703 0.0020818 0.0020177 0.0007846 
E.guilfoylei    0.0018225 0.0018000 0.0017839 0.0019905 0.0000000 0.0018120 0.0021051 0.0018167 0.0017129 0.0016753 0.0018228 0.0017538 0.0019089 0.0017804 0.0019300 0.0018832 0.0018275 0.0025605 0.0020001 0.0013413 0.0016012 0.0017884 0.0016781 0.0020073 0.0026226 0.0015300 0.0017327 0.0017369 0.0018814 0.0019095 0.0018394 0.0017072 
E.aromaphloia   0.0018502 0.0018285 0.0002200 0.0019729 0.0018120 0.0000000 0.0021166 0.0003953 0.0017163 0.0006829 0.0010245 0.0017310 0.0009950 0.0009905 0.0011157 0.0009743 0.0018300 0.0025790 0.0019729 0.0018075 0.0016110 0.0005631 0.0016941 0.0019733 0.0026673 0.0020263 0.0017691 0.0017111 0.0003385 0.0010023 0.0002988 0.0017034 
E.pauciflora    0.0009773 0.0013987 0.0020715 0.0005245 0.0021051 0.0021166 0.0000000 0.0021383 0.0008747 0.0019648 0.0021217 0.0008950 0.0021968 0.0020753 0.0022013 0.0022025 0.0009710 0.0028556 0.0005065 0.0020706 0.0007731 0.0020898 0.0008790 0.0005092 0.0025841 0.0023265 0.0011837 0.0008901 0.0022088 0.0022539 0.0021759 0.0008788 
E.camaldulensis 0.0018649 0.0018285 0.0003653 0.0019911 0.0018167 0.0003953 0.0021383 0.0000000 0.0017153 0.0006694 0.0010014 0.0017516 0.0009806 0.0009706 0.0010982 0.0009600 0.0018411 0.0025485 0.0020041 0.0018032 0.0016038 0.0005680 0.0016931 0.0019915 0.0026725 0.0020130 0.0017678 0.0017286 0.0004589 0.0009768 0.0004256 0.0017114 
E.baxteri       0.0006076 0.0010083 0.0016770 0.0008020 0.0017129 0.0017163 0.0008747 0.0017153 0.0000000 0.0015555 0.0017023 0.0005355 0.0017553 0.0016285 0.0017537 0.0017621 0.0005892 0.0023795 0.0007966 0.0016338 0.0004183 0.0016874 0.0000755 0.0008076 0.0021459 0.0019034 0.0007857 0.0005179 0.0017901 0.0018193 0.0017620 0.0005023 
E.deglupta      0.0016777 0.0016469 0.0006462 0.0018271 0.0016753 0.0006829 0.0019648 0.0006694 0.0015555 0.0000000 0.0008492 0.0015817 0.0007943 0.0007760 0.0009384 0.0007846 0.0016784 0.0024071 0.0018302 0.0016588 0.0014670 0.0006048 0.0015333 0.0018243 0.0024291 0.0018289 0.0016094 0.0015561 0.0007500 0.0008353 0.0007393 0.0015518 
E.spathulata    0.0018485 0.0018079 0.0009831 0.0020073 0.0018228 0.0010245 0.0021217 0.0010014 0.0017023 0.0008492 0.0000000 0.0017418 0.0010626 0.0007101 0.0008198 0.0010446 0.0018312 0.0025952 0.0020138 0.0018249 0.0016028 0.0009753 0.0016801 0.0020016 0.0026227 0.0019988 0.0017488 0.0017187 0.0011041 0.0010981 0.0010760 0.0017203 
E.radiata       0.0006450 0.0010436 0.0017008 0.0008113 0.0017538 0.0017310 0.0008950 0.0017516 0.0005355 0.0015817 0.0017418 0.0000000 0.0017978 0.0016768 0.0018095 0.0017950 0.0006342 0.0024453 0.0008086 0.0016863 0.0004595 0.0016959 0.0005400 0.0008142 0.0021890 0.0019494 0.0008192 0.0000709 0.0018272 0.0018527 0.0017957 0.0001019 
E.polybractea   0.0018755 0.0018857 0.0009513 0.0020634 0.0019089 0.0009950 0.0021968 0.0009806 0.0017553 0.0007943 0.0010626 0.0017978 0.0000000 0.0010117 0.0010969 0.0002003 0.0018603 0.0025917 0.0020699 0.0018434 0.0016396 0.0009239 0.0017651 0.0020604 0.0026601 0.0020591 0.0018498 0.0017835 0.0010742 0.0002733 0.0010184 0.0017792 
E.diversicolor  0.0017947 0.0017548 0.0009465 0.0019550 0.0017804 0.0009905 0.0020753 0.0009706 0.0016285 0.0007760 0.0007101 0.0016768 0.0010117 0.0000000 0.0008115 0.0010049 0.0017653 0.0025120 0.0019645 0.0017670 0.0015601 0.0009277 0.0016032 0.0019524 0.0025434 0.0019577 0.0016865 0.0016624 0.0010641 0.0010499 0.0010278 0.0016554 
E.torquata      0.0019081 0.0019025 0.0010684 0.0021017 0.0019300 0.0011157 0.0022013 0.0010982 0.0017537 0.0009384 0.0008198 0.0018095 0.0010969 0.0008115 0.0000000 0.0011163 0.0018748 0.0026380 0.0021049 0.0018874 0.0016721 0.0010604 0.0017698 0.0020959 0.0027122 0.0019897 0.0018391 0.0017894 0.0011850 0.0011478 0.0011511 0.0017877 
E.cladocalyx    0.0018853 0.0018730 0.0009362 0.0020407 0.0018832 0.0009743 0.0022025 0.0009600 0.0017621 0.0007846 0.0010446 0.0017950 0.0002003 0.0010049 0.0011163 0.0000000 0.0018731 0.0026070 0.0020406 0.0018693 0.0016436 0.0009143 0.0017366 0.0020311 0.0026513 0.0020364 0.0018212 0.0017808 0.0010590 0.0002638 0.0010088 0.0017765 
E.verrucata     0.0007287 0.0011323 0.0017962 0.0008806 0.0018275 0.0018300 0.0009710 0.0018411 0.0005892 0.0016784 0.0018312 0.0006342 0.0018603 0.0017653 0.0018748 0.0018731 0.0000000 0.0025139 0.0008915 0.0017940 0.0005330 0.0018007 0.0005988 0.0008972 0.0023017 0.0020136 0.0009158 0.0006163 0.0019147 0.0019218 0.0018670 0.0006030 
E.erythrocorys  0.0025220 0.0025295 0.0025306 0.0027712 0.0025605 0.0025790 0.0028556 0.0025485 0.0023795 0.0024071 0.0025952 0.0024453 0.0025917 0.0025120 0.0026380 0.0026070 0.0025139 0.0000000 0.0027747 0.0024642 0.0023211 0.0025403 0.0023859 0.0027642 0.0033928 0.0027097 0.0024412 0.0024377 0.0026646 0.0026490 0.0026453 0.0024177 
E.elata         0.0008894 0.0012572 0.0019220 0.0001091 0.0020001 0.0019729 0.0005065 0.0020041 0.0007966 0.0018302 0.0020138 0.0008086 0.0020699 0.0019645 0.0021049 0.0020406 0.0008915 0.0027747 0.0000000 0.0019700 0.0006939 0.0019658 0.0007667 0.0001910 0.0024415 0.0022089 0.0010662 0.0007932 0.0020834 0.0020884 0.0020176 0.0007926 
E.microcorys    0.0017832 0.0017621 0.0017794 0.0019637 0.0013413 0.0018075 0.0020706 0.0018032 0.0016338 0.0016588 0.0018249 0.0016863 0.0018434 0.0017670 0.0018874 0.0018693 0.0017940 0.0024642 0.0019700 0.0000000 0.0015662 0.0017871 0.0016405 0.0019641 0.0025665 0.0014447 0.0016751 0.0016695 0.0018891 0.0018705 0.0018318 0.0016589 
E.umbra         0.0005282 0.0009166 0.0015572 0.0006913 0.0016012 0.0016110 0.0007731 0.0016038 0.0004183 0.0014670 0.0016028 0.0004595 0.0016396 0.0015601 0.0016721 0.0016436 0.0005330 0.0023211 0.0006939 0.0015662 0.0000000 0.0015612 0.0004229 0.0006994 0.0020400 0.0018073 0.0007229 0.0004521 0.0016835 0.0017030 0.0016439 0.0004316 
E.grandis       0.0018082 0.0017868 0.0005477 0.0019530 0.0017884 0.0005631 0.0020898 0.0005680 0.0016874 0.0006048 0.0009753 0.0016959 0.0009239 0.0009277 0.0010604 0.0009143 0.0018007 0.0025403 0.0019658 0.0017871 0.0015612 0.0000000 0.0016558 0.0019468 0.0025463 0.0019597 0.0017150 0.0016761 0.0006522 0.0009567 0.0006079 0.0016683 
E.diversifolia  0.0006225 0.0009808 0.0016548 0.0007721 0.0016781 0.0016941 0.0008790 0.0016931 0.0000755 0.0015333 0.0016801 0.0005400 0.0017651 0.0016032 0.0017698 0.0017366 0.0005988 0.0023859 0.0007667 0.0016405 0.0004229 0.0016558 0.0000000 0.0007777 0.0021171 0.0018779 0.0007585 0.0005224 0.0017615 0.0017969 0.0017398 0.0005068 
E.regnans       0.0008951 0.0012606 0.0019160 0.0002056 0.0020073 0.0019733 0.0005092 0.0019915 0.0008076 0.0018243 0.0020016 0.0008142 0.0020604 0.0019524 0.0020959 0.0020311 0.0008972 0.0027642 0.0001910 0.0019641 0.0006994 0.0019468 0.0007777 0.0000000 0.0024426 0.0022129 0.0010721 0.0007988 0.0020706 0.0020789 0.0020247 0.0007929 
E.curtisii      0.0022260 0.0022373 0.0025928 0.0024416 0.0026226 0.0026673 0.0025841 0.0026725 0.0021459 0.0024291 0.0026227 0.0021890 0.0026601 0.0025434 0.0027122 0.0026513 0.0023017 0.0033928 0.0024415 0.0025665 0.0020400 0.0025463 0.0021171 0.0024426 0.0000000 0.0027545 0.0021407 0.0021782 0.0027582 0.0027429 0.0026854 0.0021696 
E.salmonophloia 0.0019979 0.0019870 0.0019970 0.0022023 0.0015300 0.0020263 0.0023265 0.0020130 0.0019034 0.0018289 0.0019988 0.0019494 0.0020591 0.0019577 0.0019897 0.0020364 0.0020136 0.0027097 0.0022089 0.0014447 0.0018073 0.0019597 0.0018779 0.0022129 0.0027545 0.0000000 0.0019032 0.0019291 0.0021143 0.0021177 0.0020633 0.0019240 
E.patens        0.0009439 0.0010591 0.0017324 0.0010521 0.0017327 0.0017691 0.0011837 0.0017678 0.0007857 0.0016094 0.0017488 0.0008192 0.0018498 0.0016865 0.0018391 0.0018212 0.0009158 0.0024412 0.0010662 0.0016751 0.0007229 0.0017150 0.0007585 0.0010721 0.0021407 0.0019032 0.0000000 0.0008116 0.0018438 0.0018792 0.0017901 0.0007950 
E.obliqua       0.0006450 0.0010331 0.0016810 0.0007959 0.0017369 0.0017111 0.0008901 0.0017286 0.0005179 0.0015561 0.0017187 0.0000709 0.0017835 0.0016624 0.0017894 0.0017808 0.0006163 0.0024377 0.0007932 0.0016695 0.0004521 0.0016761 0.0005224 0.0007988 0.0021782 0.0019291 0.0008116 0.0000000 0.0018071 0.0018384 0.0017757 0.0000996 
E.globulus      0.0019417 0.0019137 0.0002914 0.0020703 0.0018814 0.0003385 0.0022088 0.0004589 0.0017901 0.0007500 0.0011041 0.0018272 0.0010742 0.0010641 0.0011850 0.0010590 0.0019147 0.0026646 0.0020834 0.0018891 0.0016835 0.0006522 0.0017615 0.0020706 0.0027582 0.0021143 0.0018438 0.0018071 0.0000000 0.0010762 0.0003889 0.0017992 
E.melliodora    0.0019487 0.0019178 0.0009585 0.0020818 0.0019095 0.0010023 0.0022539 0.0009768 0.0018193 0.0008353 0.0010981 0.0018527 0.0002733 0.0010499 0.0011478 0.0002638 0.0019218 0.0026490 0.0020884 0.0018705 0.0017030 0.0009567 0.0017969 0.0020789 0.0027429 0.0021177 0.0018792 0.0018384 0.0010762 0.0000000 0.0010313 0.0018340 
E.saligna       0.0019035 0.0018646 0.0002841 0.0020177 0.0018394 0.0002988 0.0021759 0.0004256 0.0017620 0.0007393 0.0010760 0.0017957 0.0010184 0.0010278 0.0011511 0.0010088 0.0018670 0.0026453 0.0020176 0.0018318 0.0016439 0.0006079 0.0017398 0.0020247 0.0026854 0.0020633 0.0017901 0.0017757 0.0003889 0.0010313 0.0000000 0.0017678 
E.delegatensis  0.0006242 0.0010159 0.0016734 0.0007846 0.0017072 0.0017034 0.0008788 0.0017114 0.0005023 0.0015518 0.0017203 0.0001019 0.0017792 0.0016554 0.0017877 0.0017765 0.0006030 0.0024177 0.0007926 0.0016589 0.0004316 0.0016683 0.0005068 0.0007929 0.0021696 0.0019240 0.0007950 0.0000996 0.0017992 0.0018340 0.0017678 0.0000000 
